%YAML:1.0
acc_misalign: !!opencv-matrix
 rows: 3
 cols: 3
 dt: d
 data: [1, -0.000386654290537929, -0.000309568693258344, 0, 1, 0.0058144160245925, -0, 0, 1]

acc_scale: !!opencv-matrix
 rows: 3
 cols: 3
 dt: d
 data: [1.00954524799702, 0, 0, 0, 1.00882394807766, 0, 0, 0, 1.00002809861049]

acc_bias: !!opencv-matrix
 rows: 3
 cols: 1
 dt: d
 data:[0.0860151189664066, -0.22653803456563, 0.146529372490814]

gyro_misalign: !!opencv-matrix
 rows: 3
 cols: 3
 dt: d
 data: [1, 0.000835699869101965, -0.00189133862816306, 0.00205026365875248, 1, 0.00678432952351774, 0.00433304755374225, -0.00890766248459473, 1]

gyro_scale: !!opencv-matrix
 rows: 3
 cols: 3
 dt: d
 data: [1.0067730591319, 0, 0, 0, 0.96913556634274, 0, 0, 0, 0.988640935986088]

gyro_bias: !!opencv-matrix
 rows: 3
 cols: 1
 dt: d
 data:[0.000593079930670982, -0.0078817425470631, -0.00097621723481854]
