%YAML:1.0
acc_misalign: !!opencv-matrix
 rows: 3
 cols: 3
 dt: d
 data: [1, 0.000738367501261853, -0.00351575183999553, 0, 1, 0.00535122181006989, -0, 0, 1]

acc_scale: !!opencv-matrix
 rows: 3
 cols: 3
 dt: d
 data: [1.00107934559048, 0, 0, 0, 1.00042213909653, 0, 0, 0, 0.999095031036361]

acc_bias: !!opencv-matrix
 rows: 3
 cols: 1
 dt: d
 data: [0.0941089288350615, -0.134026193132844, 0.152493178674811]

gyro_misalign: !!opencv-matrix
 rows: 3
 cols: 3
 dt: d
 data: [1, -0.000964475837018104, -0.00493830038543876, -0.000815008482066498, 1, 0.00624931499992939, 0.00685814078160528, -0.00865537792490215, 1]

gyro_scale: !!opencv-matrix
 rows: 3
 cols: 3
 dt: d
 data: [1.00423320947993, 0, 0, 0, 1.00422583878392, 0, 0, 0, 0.998802234880319]

gyro_bias: !!opencv-matrix
 rows: 3
 cols: 1
 dt: d
 data: [0.0015282940140107, -0.00106219450970306, 0.00106632303131742]
